0.000782
-0.002143
-0.002703
-0.003147
-0.002442
0.002698
0.001380
-0.003283
-0.001495
-0.001030
0.000042
-0.000826
0.000358
0.001671
0.000407
0.002193
0.001557
-0.000778
-0.000156
0.000756
-0.000966
-0.000009
-0.001279
-0.001007
0.002901
0.002372
-0.000444
0.000460
0.003481
-0.000121
0.001543
0.001805
0.004192
0.002510
0.003447
0.002182
-0.000475
0.002170
0.000977
-0.000616
-0.000585
0.000953
0.004255
0.004400
0.003242
0.004053
0.002020
0.001788
0.001152
0.003771
0.001788
0.001635
0.001176
0.001757
0.002774
0.001151
0.001478
0.002931
0.001064
0.002164
0.003892
0.000938
0.000517
0.000335
0.001228
0.001519
0.003299
0.001063
0.002248
0.004451
0.001328
0.002493
-0.001108
0.003539
0.003641
0.002171
0.001288
0.002045
0.002330
0.003906
0.001906
0.004586
0.003681
0.005539
0.005514
0.004859
0.004758
0.000995
0.005336
0.006162
0.003388
0.004157
0.004191
0.003686
0.005525
0.002933
0.001287
0.003083
0.003868
0.002221
0.000858
0.004405
0.006808
0.006078
0.007390
0.003071
0.005835
0.008426
0.008081
0.005098
0.007758
0.005339
0.006586
0.007595
0.006141
0.009925
0.009574
0.006951
0.007340
0.008350
0.009245
0.001612
0.002876
0.004819
0.003781
0.002810
0.004260
0.004835
0.008709
0.006707
0.007775
0.003510
0.005286
0.004921
0.003151
0.002610
0.002643
0.002102
0.002247
0.001035
0.004772
0.005940
0.002643
0.004779
0.007454
0.002943
0.006751
0.005577
0.004670
0.008548
0.003305
0.006906
0.007224
0.008296
0.007345
0.004457
0.008743
0.006475
0.005228
0.003656
0.005919
0.007019
0.008720
0.007524
0.008577
0.005988
0.007021
0.007337
0.005200
0.007600
0.011413
0.006940
0.008308
0.003455
0.003146
0.002105
0.003855
0.002683
0.002549
0.003814
0.002516
0.006366
0.003489
0.005086
0.004706
0.008291
0.004947
0.005852
0.004919
0.007323
0.007190
0.006605
0.005065
0.006494
0.004212
0.005983
0.007514
0.004454
0.006459
0.004621
0.004332
0.003083
0.002401
0.004489
0.001451
0.003511
0.005333
0.006454
0.004328
0.002520
0.003529
0.003975
0.003948
0.004692
0.005459
0.005440
0.007807
0.006495
0.008795
0.008962
0.006916
0.005321
0.005063
0.004794
0.004613
0.007110
0.008342
0.004382
0.007263
0.005859
0.008666
0.008005
0.006205
0.005442
0.007319
0.008130
0.004782
0.006522
0.007509
0.004779
0.007620
0.007017
0.006180
0.008511
0.008644
0.003013
0.005705
0.007175
0.005610
0.005082
0.007595
0.002797
0.005493
0.006518
0.005543
0.004828
0.003021
0.002779
0.003293
0.009237
0.006774
0.006211
0.007002
0.005423
0.006017
0.007754
0.006144
0.005402
0.005421
0.004351
0.007108
0.005068
0.007923
0.008457
0.006801
0.007706
0.009623
0.005434
0.007432
0.005678
0.007047
0.004662
0.006824
0.002933
0.006208
0.004117
0.005977
0.005378
0.007291
0.006034
0.010205
0.008937
0.006740
0.005009
0.007906
0.003886
0.004680
0.007864
0.005580
0.008106
0.006419
0.005173
0.007127
0.006927
0.005430
0.003140
0.004684
0.005971
0.004685
0.003305
0.005516
0.003692
0.004335
0.006343
0.005466
0.003257
0.005000
0.005277
0.002358
0.002997
0.001780
0.002621
0.003565
0.003930
0.003426
0.002159
0.001426
0.003479
0.000596
0.004650
0.004253
0.004980
0.005247
0.002927
0.004582
0.005187
0.004822
0.003852
0.003151
0.003733
0.005154
0.003257
0.003309
0.004735
0.003212
0.002819
0.003554
0.003053
0.003968
0.002764
0.003459
0.002530
0.004772
0.004332
0.003535
0.001140
0.001229
0.003628
0.003073
0.003595
0.002431
0.002877
0.001011
0.004048
-0.001277
0.000318
0.002505
-0.000144
0.003944
0.005315
0.000693
0.002309
0.002898
-0.000535
0.002288
0.001557
0.002693
0.003001
0.002568
-0.002025
0.000853
0.000985
0.000118
0.002966
0.002034
-0.000328
0.002138
0.001631
-0.002579
0.004418
-0.000986
-0.000850
0.001877
0.005167
0.004299
0.002176
0.002410
-0.000573
0.004546
0.002125
0.001375
0.002688
0.002781
0.000875
0.001000
0.004426
0.001123
0.002449
0.002994
0.000026
-0.000886
0.001543
0.000819
-0.000565
0.002065
-0.000147
-0.000585
0.001365
-0.001176
0.001270
0.001414
0.000464
0.000879
-0.001264
0.002295
0.000737
-0.000939
0.000660
0.001619
0.001247
0.000416
-0.000138
0.000254
0.001531
-0.000687
-0.001283
0.001902
0.000391
-0.002018
0.000451
0.002849
0.000750
-0.001353
0.000339
0.000955
-0.000171
-0.003163
0.002036
0.001204
-0.002434
-0.000499
-0.001419
-0.002244
-0.000021
-0.000325
0.001331
0.003791
0.000882
-0.001387
0.001377
-0.002152
0.001970
0.001357
0.001060
0.000944
0.001458
-0.000469
-0.000448
-0.001117
0.000435
-0.000355
-0.000442
-0.001141
0.001227
-0.000736
0.003329
0.001284
-0.000981
-0.001958
-0.000747
0.000473
0.001827
0.000091
-0.001252
0.000984
0.000088
0.001218
-0.002516
0.000128
-0.000877
-0.000708
-0.000199
-0.000653
0.000464
-0.000421
-0.000240
0.000975
-0.001999
-0.000163
0.000098
0.001826
0.002447
-0.000439
0.003378
0.002258
-0.002322
0.000399
-0.001130
-0.000499
-0.001730
-0.000468
-0.001691
-0.001272
-0.001590
-0.000987
-0.001172
-0.000096
0.002650
-0.000132
0.003275
0.000440
-0.001473
0.001515
0.001667
-0.001079
0.000051
0.002189
0.001585
0.002292
0.001477
-0.000759
0.002202
0.001882
0.001151
0.002713
0.000324
-0.000665
0.002849
-0.001175
-0.002618
0.000817
0.002761
-0.000328
-0.000605
0.000708
-0.001874
-0.000314
0.001784
-0.000798
0.003453
0.000904
0.000447
-0.000221
-0.001744
0.001409
0.001464
-0.001348
0.003113
0.001641
0.001513
0.004801
0.003885
0.000833
0.002593
-0.000344
0.000078
0.001212
0.001559
0.001426
0.001855
-0.001059
0.002365
-0.000617
-0.001795
-0.001490
-0.000808
-0.003252
-0.005090
-0.003383
-0.002368
-0.000902
-0.001524
-0.001115
-0.000889
0.000520
0.001044
0.002232
-0.001290
0.001386
0.000959
0.000684
-0.000168
0.002791
0.000696
-0.000422
0.000961
0.002673
0.001378
0.000592
0.000567
0.001199
0.000689
-0.000141
0.000590
-0.000175
-0.000629
-0.001285
0.000549
-0.001341
0.000173
-0.000054
0.002190
-0.000878
0.001786
0.001053
-0.001311
-0.001225
0.001310
-0.000335
-0.000106
-0.001895
0.001945
0.000739
-0.000024
-0.000605
-0.000785
0.000670
0.000036
0.002141
-0.000629
0.002962
0.000808
0.001477
0.002182
0.002791
0.003434
0.001772
0.001844
0.001301
0.001926
-0.002132
0.000186
0.000948
0.000465
0.002334
0.001310
-0.001721
-0.001985
-0.001207
-0.004287
-0.001719
-0.002988
0.000335
-0.001884
-0.002885
-0.002261
-0.001887
-0.003396
0.000044
-0.001746
-0.001197
-0.002390
-0.001884
-0.000712
-0.001934
0.001128
0.000231
0.002080
0.001755
0.000062
0.001709
-0.000643
0.001379
0.000010
0.000324
0.002359
0.002964
0.003080
0.001676
0.002104
-0.000387
0.000627
0.000899
-0.001146
-0.000093
-0.001354
-0.000609
-0.001271
-0.000537
-0.000311
-0.003048
0.001001
-0.000747
0.000937
-0.003527
0.000466
0.001168
0.002944
0.001154
0.001948
-0.000425
-0.002031
0.000617
-0.003846
-0.000811
-0.002747
0.001781
0.000515
0.000201
-0.001328
0.000095
-0.001799
-0.001825
-0.000412
-0.001791
-0.005620
-0.001396
0.000825
0.000557
0.000814
-0.002802
0.000360
-0.001618
-0.000238
0.000232
-0.000334
0.000899
0.000722
-0.001030
-0.000036
-0.001122
-0.002737
-0.000980
-0.003921
-0.000843
-0.003582
-0.000193
-0.003885
-0.001671
-0.001889
-0.000917
0.001822
-0.000551
-0.004490
-0.003329
0.001541
-0.000044
-0.000744
-0.000208
-0.003416
-0.000498
-0.000980
-0.001323
0.000701
-0.001534
-0.001138
-0.000896
-0.001009
0.000442
-0.000840
-0.000075
-0.002035
-0.001175
0.000029
-0.003464
-0.001177
-0.001023
-0.001361
0.002030
-0.003686
-0.000610
-0.002205
0.001011
-0.000316
0.000519
-0.002573
-0.001220
-0.001250
-0.000333
-0.002233
-0.002079
-0.001786
-0.000488
-0.002012
0.001281
-0.001271
-0.001552
-0.002766
-0.001774
-0.003669
-0.004102
-0.002461
-0.000102
-0.002727
-0.003295
-0.003895
-0.001614
-0.001761
-0.001508
-0.002449
-0.002500
-0.002199
-0.004275
-0.002556
-0.003661
-0.004156
-0.002943
-0.002208
-0.003183
-0.000915
-0.004683
-0.003347
-0.000752
-0.000505
-0.000392
-0.004469
-0.001071
-0.002076
0.001903
-0.001801
-0.000409
-0.000800
-0.001194
-0.002322
-0.001709
0.000284
-0.002912
-0.001777
-0.003148
-0.003170
-0.002375
-0.001951
-0.002289
-0.003430
-0.003954
-0.001678
-0.001127
-0.002807
-0.002910
-0.002315
-0.002539
-0.003556
-0.001080
-0.003055
-0.004013
-0.003225
-0.003054
-0.001479
-0.000329
-0.002847
-0.003107
-0.003368
-0.004381
-0.000916
-0.003529
-0.003644
-0.002968
-0.001215
-0.005395
-0.003022
-0.001967
-0.003070
-0.001752
-0.002530
-0.004699
-0.000612
-0.003843
-0.002123
-0.001251
-0.000917
-0.001129
-0.002840
-0.000410
-0.001950
-0.003780
-0.003957
-0.002878
-0.002584
-0.003088
-0.001424
-0.004544
-0.002464
-0.003349
-0.004317
-0.003630
-0.003261
-0.001943
-0.002974
-0.003467
-0.004087
-0.001287
-0.002683
-0.002971
-0.001593
-0.002037
-0.003187
-0.001413
-0.003082
-0.003574
-0.002904
-0.003759
-0.002331
-0.002558
-0.004138
-0.001875
-0.005555
-0.003905
-0.002362
-0.004073
-0.003522
-0.003431
-0.001484
-0.004293
-0.005378
-0.006220
-0.004622
-0.004713
-0.005560
-0.007784
-0.002181
-0.002039
-0.004888
-0.003416
-0.000731
-0.004483
-0.003986
-0.004002
-0.007077
-0.004666
-0.003117
-0.003104
-0.004058
-0.003002
-0.004333
-0.004906
-0.004735
-0.004654
-0.004353
-0.005951
-0.003229
-0.002070
-0.003461
-0.003439
-0.002938
-0.002492
-0.003785
-0.002708
-0.003315
-0.004858
-0.004879
-0.000319
-0.000514
-0.002186
-0.006120
-0.005666
-0.003830
-0.002358
-0.003277
-0.001993
-0.004492
-0.004389
-0.002410
-0.003131
-0.005755
-0.004403
-0.004983
-0.001319
-0.001951
-0.004534
-0.003498
-0.002490
-0.004904
-0.003335
-0.003142
-0.003937
-0.001567
-0.007049
-0.003510
0.002018
-0.005484
-0.005912
-0.003326
-0.006808
-0.002860
-0.002247
-0.004007
-0.004746
-0.005535
-0.002299
-0.005085
-0.003090
-0.004138
-0.004634
-0.004427
-0.003971
-0.004251
-0.003089
-0.002339
-0.004948
-0.005078
-0.002205
-0.001114
-0.003635
-0.005397
-0.002399
-0.006974
-0.003251
-0.004367
-0.006532
-0.002024
-0.001743
-0.001449
-0.003393
-0.001750
-0.000477
-0.004400
-0.005209
-0.004429
-0.002448
-0.005349
-0.003924
-0.003987
-0.003993
-0.003354
-0.000790
-0.002256
-0.003988
-0.002794
-0.006702
-0.003346
-0.005680
-0.002944
-0.003939
-0.002497
-0.004085
-0.002886
-0.005211
-0.003453
-0.004151
-0.003325
-0.003183
-0.004075
-0.005440
-0.000733
-0.003625
-0.002473
-0.005529
-0.003992
-0.003289
-0.001365
-0.001488
-0.002157
-0.004583
-0.002936
-0.002886
-0.004773
-0.003171
-0.004938
-0.003442
-0.004710
-0.005263
-0.006806
-0.005622
0.000323
-0.003850
-0.005098
-0.003308
-0.003875
0.000129
-0.002902
-0.003913
-0.003246
-0.004514
-0.002758
-0.004701
-0.005583
-0.000556
-0.003964
-0.000070
-0.005033
-0.002623
-0.005359
-0.004436
-0.005297
-0.003275
-0.000958
-0.004546
-0.007202
-0.000155
-0.003162
-0.003551
0.000061
-0.001855
-0.003093
-0.001451
-0.003889
-0.004903
-0.002076
-0.002209
-0.001701
-0.002117
-0.002957
-0.002625
-0.002601
-0.001295
-0.004023
-0.002486
-0.001758
-0.003433
-0.002129
-0.004093
-0.003157
-0.002813
-0.001396
-0.001951
-0.001719
-0.002341
-0.004202
-0.002057
-0.002098
-0.002865
-0.004504
-0.001270
-0.000899
-0.001679
-0.004763
-0.002199
-0.002780
-0.004064
-0.002188
-0.005658
-0.002715
-0.004920
-0.001958
-0.001870
-0.001914
-0.002238
-0.000950
-0.002567
-0.001751
-0.003406
-0.003459
-0.004315
-0.003437
-0.001813
-0.004152
-0.003778
-0.004683
-0.004961
-0.003233
-0.000944
-0.005850
-0.002490
-0.004296
-0.000121
-0.002228
-0.004733
-0.000142
-0.003124
-0.001508
-0.003462
-0.002737
-0.003154
-0.001380
-0.000218
-0.000178
-0.002996
-0.002800
0.000315
0.000181
-0.002472
-0.004656
-0.004472
0.001130
-0.003813
0.002081
0.001598
-0.004204
-0.003649
-0.000973
-0.001567
0.000889
-0.002775
-0.002758
-0.001876
-0.002039
-0.002853
-0.003643
-0.002352
-0.000681
-0.001880
-0.002066
-0.002994
-0.000164
-0.000970
-0.002760
-0.002216
-0.005582
-0.002163
-0.002861
-0.003820
0.000422
-0.003809
-0.002609
-0.003349
-0.004489
-0.003894
-0.003559
-0.003798
-0.002774
-0.002790
-0.002250
-0.002112
-0.003141
-0.004066
-0.001310
-0.002074
-0.000758
-0.002862
-0.002655
-0.005822
-0.003662
-0.001850
-0.003081
-0.004151
-0.003841
-0.003291
-0.004789
-0.002705
-0.003971
-0.001113
-0.000413
-0.007054
-0.001236
-0.002206
-0.004893
-0.000333
-0.005330
-0.003012
-0.003009
-0.005060
-0.002046
-0.003527
-0.006838
-0.003497
-0.000740
-0.001995
-0.003792
-0.003052
-0.003604
-0.003279
-0.006541
-0.002422
-0.003391
-0.003957
-0.002754
-0.002298
-0.002262
-0.001942
-0.003118
-0.002861
-0.005005
-0.008333
-0.002813
-0.001797
-0.003116
-0.003423
-0.003638
-0.005395
-0.004202
-0.003548
-0.002539
-0.002904
-0.003304
-0.000739
-0.003446
-0.003261
-0.004431
-0.005967
-0.001305
-0.002827
-0.003409
-0.002640
-0.001287
-0.002118
-0.005020
-0.000979
-0.003144
-0.003273
-0.001605
-0.002838
-0.004001
-0.000084
-0.001238
-0.004899
-0.003416
-0.003046
-0.003098
-0.003071
-0.005648
-0.004610
-0.005555
-0.003587
-0.004196
-0.002439
-0.002597
-0.003903
-0.003719
-0.003409
-0.002692
-0.002305
-0.002125
-0.001854
-0.003987
-0.002599
-0.002739
-0.002886
-0.002408
-0.002399
-0.001472
-0.002461
-0.000885
0.000137
-0.002788
-0.002818
0.000187
-0.001844
-0.003123
-0.002277
0.000407
-0.002725
-0.001747
-0.001362
-0.002575
-0.002091
0.000439
-0.001295
-0.002026
-0.001036
-0.002324
-0.002221
-0.002635
0.000880
-0.001506
-0.002836
-0.000445
-0.000436
-0.002602
-0.002412
0.000737
-0.000254
-0.001229
-0.002176
0.000464
-0.000035
-0.002441
0.000319
-0.002496
-0.002946
-0.002438
0.000809
-0.000158
0.000570
0.002200
-0.003819
-0.002442
0.001129
0.000821
-0.002292
-0.000936
-0.000382
-0.003928
0.000628
-0.000524
-0.001093
-0.000521
0.002035
-0.002106
-0.000416
-0.002126
0.000227
0.000015
-0.000131
-0.003931
-0.003277
0.000740
-0.002024
-0.000785
-0.000778
-0.000022
0.000559
0.000681
-0.001454
0.003733
0.000371
-0.001172
-0.001196
-0.000721
-0.001642
0.000387
0.002340
-0.002955
-0.001377
-0.000770
0.003085
0.000581
-0.002521
-0.000281
-0.000384
-0.001664
0.000592
-0.001148
0.003023
0.001397
-0.001014
0.002990
0.000220
0.001072
0.000105
-0.001045
-0.000069
-0.000317
-0.001598
-0.001675
0.002103
-0.000150
-0.002674
0.000758
0.000054
0.001718
-0.001941
0.000796
0.000863
-0.001210
0.000010
-0.000331
-0.002374
0.000408
0.002090
-0.002819
-0.000414
-0.000459
-0.002222
-0.000459
0.000314
-0.000387
-0.001118
0.000764
0.000774
0.000439
0.002435
-0.000165
-0.001519
0.002198
0.001062
-0.003798
-0.000528
-0.000108
-0.001406
0.004744
-0.000978
-0.002047
0.004887
0.001172
0.001091
-0.005078
-0.001197
0.000729
0.000340
0.000143
-0.001141
0.001616
-0.001618
-0.001751
0.000064
-0.000649
-0.000035
0.000779
-0.000583
-0.000810
-0.000287
0.003676
-0.001911
0.005025
-0.001012
0.001408
0.000830
0.000830
-0.001223
-0.000928
0.000906
0.001154
0.002325
0.000108
0.005010
0.002094
0.001030
-0.000657
-0.001900
0.002531
-0.000696
0.001349
-0.001373
0.002670
0.001237
0.001704
-0.002599
-0.002524
-0.000592
0.001371
-0.001688
-0.001240
0.000138
-0.001624
-0.000555
0.001896
0.000891
-0.000056
0.001347
-0.001032
0.001854
-0.000096
-0.001378
-0.004146
0.000221
0.002679
-0.002272
-0.000316
-0.000011
0.002032
0.000171
0.000961
0.000252
0.000631
0.000629
0.001855
0.002029
0.001967
-0.000141
0.002436
-0.001816
-0.001083
0.000730
0.001344
0.002715
0.002454
0.004553
0.001799
0.000945
0.002303
-0.002062
0.000722
0.000710
0.001269
0.004116
-0.000771
0.001882
0.000620
-0.001464
-0.001907
-0.001457
-0.001446
-0.001369
-0.000487
-0.001387
-0.001833
-0.001492
0.000572
-0.004376
0.000530
-0.002346
-0.003125
-0.002238
-0.000851
0.000623
0.001267
-0.002858
-0.002241
-0.002389
-0.003217
-0.003982
-0.000211
-0.000634
-0.001924
-0.001992
-0.001664
-0.000718
-0.001184
-0.000894
-0.004048
-0.000493
-0.002354
-0.003861
0.002059
-0.000516
-0.000027
-0.000604
-0.001797
-0.000395
-0.002963
-0.001709
0.002509
-0.000034
-0.001325
0.001396
0.000508
-0.000187
-0.001457
